relu: 0.7819767814764929
tanh: 0.7754602013982426
sigmoid: 0.77289461869027
